This is the output of AP points array
14 16 23 31 33 37 50 54 58 64 76 77 83 94 96 103 133 137 140 203 208 211 217 221 228 242 243 253 
This is the output of AP points array
7 38 101 109 126 220 223 231 
This is the output of AP points array
26 85 104 105 116 120 226 
This is the output of AP points array
167 
This is the output of AP points array

224 10 end
249 218 155 147 244 232 248 240 219 241 196 222 216 204 180 165 192 164 108 29 178 185 215 181 235 247 171 194 189 145 144 184 124 119 72 131 39 28 18 6 118 70 129 122 172 177 84 207 183 169 142 8 135 150 51 99 168 97 130 69 93 41 125 36 87 86 63 52 34 27 59 19 30 3 end
57 4 end
182 251 166 136 170 179 134 128 61 110 98 45 9 end
190 13 end
35 17 end
173 123 end
141 213 end
146 56 end
90 80 end
234 201 187 end
246 233 212 end
This is the output of the remainder graph
3 30
3 59
3 124
3 131
3 181
6 18
6 28
6 39
6 41
6 118
6 119
6 131
6 147
6 165
6 178
6 181
6 189
6 194
6 196
6 204
6 216
6 241
8 135
8 142
8 177
18 3
18 6
18 19
18 28
18 29
18 30
18 39
18 70
18 72
18 118
18 119
18 129
18 131
18 145
18 147
18 155
18 178
18 181
18 185
18 192
18 204
18 240
18 241
18 244
19 30
19 59
19 72
19 147
19 181
19 185
19 218
27 34
27 52
27 59
27 150
27 169
27 183
27 218
28 6
28 39
28 99
28 119
28 124
28 131
28 145
28 165
28 180
28 181
28 184
28 185
28 189
28 196
28 204
28 216
28 219
28 222
28 232
28 235
28 241
28 248
29 18
29 30
29 108
29 122
29 129
29 164
29 172
29 178
29 185
29 192
29 219
29 240
29 244
30 3
30 19
30 59
30 72
30 99
30 147
30 150
30 169
30 181
30 185
30 215
30 218
30 240
34 52
34 87
36 52
36 86
36 87
36 125
36 130
36 135
36 168
36 171
36 177
36 207
36 247
39 3
39 131
39 241
41 93
41 125
41 130
41 168
41 171
41 247
51 63
51 93
51 97
51 150
51 172
51 215
52 27
52 34
52 63
52 87
52 130
52 142
52 183
52 207
59 27
59 34
59 52
59 218
63 52
63 86
63 93
63 125
63 130
63 135
63 142
63 150
63 168
63 169
63 177
63 207
69 86
69 93
69 130
69 177
69 207
70 41
70 51
70 99
70 118
70 125
70 129
70 150
70 165
70 180
70 194
70 215
70 232
70 240
70 248
70 249
72 19
72 30
72 59
72 99
72 119
72 124
72 131
72 147
72 181
72 185
72 218
72 235
84 69
84 177
84 207
86 63
86 87
86 93
86 130
86 177
86 207
87 34
87 36
87 52
87 84
87 86
87 93
87 125
87 130
87 171
93 63
93 69
93 86
93 87
93 97
93 125
93 130
93 168
93 177
97 69
97 93
97 130
97 168
97 177
97 207
97 249
99 27
99 30
99 36
99 41
99 51
99 63
99 72
99 125
99 131
99 135
99 150
99 168
99 169
99 181
99 215
99 218
99 235
99 247
99 249
108 29
108 129
108 164
108 172
108 192
108 204
118 6
118 18
118 28
118 39
118 51
118 70
118 129
118 131
118 165
118 178
118 180
118 184
118 192
118 204
118 215
118 216
118 219
118 232
118 240
118 241
118 244
118 248
119 6
119 28
119 41
119 72
119 124
119 131
119 147
119 165
119 168
119 181
119 189
119 194
119 196
119 235
119 241
119 247
122 51
122 129
122 164
122 172
122 240
124 28
124 39
124 41
124 72
124 119
124 131
124 184
124 189
124 194
124 235
124 247
125 36
125 41
125 52
125 63
125 87
125 93
125 99
125 130
125 135
125 150
125 168
125 177
125 247
129 51
129 70
129 99
129 108
129 118
129 122
129 164
129 165
129 172
129 180
129 185
129 192
129 215
129 232
129 240
129 248
130 36
130 52
130 69
130 86
130 87
130 93
130 97
130 125
130 168
130 177
130 207
131 3
131 6
131 39
131 72
131 99
131 119
131 124
131 147
131 181
131 184
131 189
131 235
131 241
131 247
135 8
135 36
135 63
135 99
135 125
135 130
135 150
135 168
135 169
135 172
135 215
135 218
142 8
142 52
142 63
142 169
142 177
142 207
144 3
144 39
144 124
144 145
144 184
144 189
144 196
144 222
145 3
145 28
145 39
145 119
145 124
145 144
145 184
145 189
145 196
145 222
145 241
147 19
147 30
147 72
147 119
147 131
147 181
150 52
150 63
150 99
150 125
150 135
150 142
150 215
150 218
155 18
155 30
155 39
155 72
155 145
155 181
164 51
164 172
165 6
165 28
165 41
165 70
165 99
165 118
165 119
165 129
165 135
165 180
165 189
165 194
165 216
165 232
165 248
168 36
168 41
168 52
168 86
168 93
168 97
168 99
168 125
168 130
168 135
168 171
168 207
168 235
169 8
169 27
169 52
169 63
169 135
169 142
169 150
169 183
169 207
171 34
171 41
171 52
171 86
171 87
171 168
171 247
172 51
172 122
177 8
177 63
177 69
177 84
177 86
177 93
177 130
177 142
177 207
178 6
178 18
178 28
178 29
178 30
178 39
178 72
178 131
178 147
178 155
178 181
178 185
178 192
178 204
178 219
178 240
178 241
178 244
180 28
180 39
180 70
180 118
180 129
180 131
180 165
180 189
180 192
180 204
180 216
180 219
180 240
180 241
180 248
181 3
181 19
181 27
181 30
181 59
181 72
181 99
181 131
181 150
181 169
181 215
181 218
181 241
181 247
183 27
183 52
183 169
184 3
184 28
184 39
184 131
184 144
184 145
184 189
184 196
184 204
184 216
184 222
184 241
185 18
185 19
185 28
185 30
185 39
185 72
185 99
185 129
185 178
185 181
185 192
185 215
185 218
185 240
185 241
189 28
189 39
189 41
189 72
189 119
189 124
189 131
189 144
189 194
189 196
189 216
189 235
192 18
192 28
192 29
192 39
192 51
192 70
192 99
192 108
192 118
192 122
192 129
192 164
192 165
192 172
192 180
192 185
192 215
192 219
192 232
192 240
192 248
194 41
194 119
194 124
194 168
194 171
194 189
194 247
196 28
196 39
196 119
196 124
196 131
196 144
196 145
196 184
196 189
196 204
196 216
196 222
196 241
204 28
204 39
204 165
204 180
204 184
204 216
204 219
204 222
204 241
204 248
207 52
207 63
207 69
207 84
207 86
207 130
207 142
207 177
215 30
215 41
215 51
215 63
215 99
215 135
215 150
215 168
215 169
215 181
215 185
215 218
215 232
215 240
215 249
216 204
216 222
218 19
218 30
218 59
218 63
218 72
218 99
218 135
218 150
218 169
218 181
218 185
218 215
218 235
219 28
219 39
219 118
219 129
219 192
219 204
219 216
219 240
219 241
219 248
222 28
222 39
222 131
222 145
222 184
222 196
222 204
222 216
222 241
232 41
232 51
232 70
232 99
232 118
232 129
232 135
232 150
232 165
232 172
232 215
232 240
232 247
232 248
235 72
235 99
235 124
235 131
235 168
235 181
235 218
235 247
240 30
240 122
240 129
240 135
240 172
240 185
240 192
240 215
240 219
240 248
241 6
241 39
241 131
241 180
241 185
241 222
241 247
244 28
244 29
244 30
244 39
244 51
244 70
244 118
244 129
244 131
244 164
244 178
244 181
244 185
244 192
244 204
244 216
244 219
244 240
247 36
247 41
247 52
247 87
247 99
247 125
247 131
247 171
247 235
248 28
248 39
248 51
248 70
248 118
248 129
248 131
248 135
248 165
248 180
248 192
248 204
248 215
248 216
248 219
248 232
248 240
248 241
249 52
249 87
249 97
249 130
249 215
largest SCC has 74 vertices
delete 188 vertices
Runtime is 1478 ms
